524786207
756818782
795630438
272210849
203703557
883992050
238364406
775411466
77503166
512395839
768173358
860726986
925401714
145014389
162928361
83174246
613971568
802561406
255701492
869149446
198846431
466601294
957306852
138595051
525368107
82334121
738913170
99220399
411268357
314399048
989677911
565834310
58107234
188912858
570658088
786192067
636902875
674330669
191459166
254443647
783482092
824507992
733999320
678402484
214024839
14071362
999271083
689397025
589259638
780027951
661389928
331946640
388616890
103624915
60732186
989203101
959414327
711718492
411896262
579631138
80761390
726861
772494391
847284204
952159584
76521451
933092815
499096577
311315922
489238519
240945643
378328039
171586683
669930782
450643516
854770823
485793195
67367347
766740104
322567979
593906648
15838544
220356309
192158570
569838481
581838267
548554536
673673585
662672856
86746089
849242244
55301954
720234175
608258018
533768605
599302467
628479499
191746265
399587089
503010323
